fs=30000;

t=0.326;
t2= 0.4;

bar1rh=["b04,1,0.5",...
"b04,0.25,0.5:d#4,0.25,0.5","e04,0.75,0.5",...
"f#4,0.25,0.5:e05,0.25,0.5","g04,0.75,0.5",...
"a#4,0.25,0.5:g05,0.25,0.5","b04,0.75,0.5",...
"b04,0.25,0.5:g05,0.25,0.5","a04,0.75,0.5",...
"g#4,0.25,0.5:f#5,0.25,0.5","a04,0.75,0.5",...
"c05,0.25,0.5:a05,0.25,0.5","b04,0.75,0.5",...
"b04,0.25,0.5:g05,0.25,0.5","a04,0.75,0.5",...
"g#4,0.25,0.5:f#5,0.25,0.5","a04,0.75,0.5",...
"g05,0.25,0.5:b04,0.25,0.5","a04,0.75,0.5",...
"a04,0.25,0.5:f#5,0.25,0.5","g04,0.75,0.5",...
"f#4,0.25,0.5:e05,0.25,0.5","g04,0.75,0.5",...
"g#4,0.25,0.5:d05,0.25,0.5","a04,0.75,0.5"];
% bar1lh=["a04,1,0",...
% "e02,1,1:b02,1,1:g03,1,1\","a04,1,0","g02,1,1:e03,1,1:b03,1,1\",...
% "a02,1,1:e03,1,1:c04,1,1\","a04,1,0","c03,1,1:a03,1,1:e04,1,1\",...
% "b02,1,1:a03,1,1:d#4,1,1\","a04,1,0","b01,1,1:d#3,1,1\",...
% "e02,1,1:b02,1,1:g03,1,1\","a04,1,0","f#2,1,1:d03,1,1:a03,1,1\"];

bar1lh=["a04,1,0",...
"e02,1,0.5:b02,1,0.5:g03,1,0.5\","a04,1,0","g02,1,0.5:e03,1,0.5:b03,1,0.5\",...
"a02,1,0.5:e03,1,0.5:c04,1,0.5\","a04,1,0","c03,1,0.5:a03,1,0.5:e04,1,0.5\",...
"b02,1,0.5:a03,1,0.5:d#4,1,0.5\","a04,1,0","b01,1,0.5:d#3,1,0.5\",...
"e02,1,0.5:b02,1,0.5:g03,1,0.5\","a04,1,0","f#2,1,0.5:d03,1,0.5:a03,1,0.5\"];

bar2rh = ["f#4,0.25,0.5:d05,0.25,0.5","g04,0.75,0.5",...
"a#4,0.25,0.5:g05,0.25,0.5","b04,0.75,0.5",...
"c#5,0.25,0.5:b05,0.25,0.5","d05,0.75,0.5",...
"d05,0.25,0.5:b05,0.25,0.5","c05,0.75,0.5",...
"b04,0.25,0.5:a05,0.25,0.5","c05,0.75,0.5",...
"e05,0.25,0.5:c06,0.25,0.5","d05,0.75,0.5",...
"b04,0.25,0.5:a05,0.25,0.5","c05,0.75,0.5",...
"c#5,0.25,0.5:b05,0.25,0.5","d05,0.75,0.5",...
"a#4,0.25,0.5:g05,0.25,0.5","b04,0.75,0.5",...
"b04,0.25,0.5:a05,0.25,0.5","c05,0.75,0.5",...
"g#4,0.25,0.5:f#5,0.25,0.5","a04,0.75,0.5",...
"b04,0.25,0.5:g05,0.25,0.5","a04,0.75,0.5",...
"d#4,0.25,0.5:b04,0.25,0.5","e04,0.75,0.5",...
"f#4,0.25,0.5:e05,0.25,0.5","g04,0.75,0.5",...
"a#4,0.25,0.5:g05,0.25,0.5","b04,0.75,0.5"];


bar2lh = ["g02,1,0.5:d03,1,0.5:b03,1,0.5\","a04,1,0","b02,1,0.5:g03,1,0.5:d04,1,0.5\",...
"c03,1,0.5:g03,1,0.5:e04,1,0.5\","a04,1,0","e03,1,0.5:c04,1,0.5:g04,1,0.5\",...
"d03,1,0.5:a03,1,0.5:f#4,1,0.5\","d03,1,0.5:b03,1,0.5\","g03,1,0.5:e04,1,0.5\"...
"f#2,1,0.5:c03,1,0.5:a03,1,0.5\","a04,1,0","b02,1,0.5:g03,1,0.5:d#4,1,0.5\",...
"e02,0.125,0.5","f#3,0.125,0.5","g03,0.75,0.5","e03,0.25,0.5","g03,0.75,0.5","b02,0.25,0.5","e02,0.75,0.5"];
% b1r = joinbar(bar1rh,t);
% b1l = joinbar(bar1lh,t);
% b2r = joinbar(bar2rh,t);
% b2l = joinbar(bar2lh,t);

bar3rh = ["b04,0.25,0.5:g05,0.25,0.5","a04,0.75,0.5",...
"g#4,0.25,0.5:f#5,0.25,0.5","a04,0.75,0.5",...
"c05,0.25,0.5:a05,0.25,0.5","b04,0.75,0.5",...
"b04,0.25,0.5:g05,0.25,0.5","a04,0.75,0.5",...
"g#4,0.25,0.5:f#5,0.25,0.5","a04,0.75,0.5",...
"b04,0.25,0.5:g05,0.25,0.5","a04,0.75,0.5",...
"a04,0.25,0.5:f#5,0.25,0.5","g04,0.75,0.5",...
"f#4,0.25,0.5:e05,0.25,0.5","g04,0.75,0.5",...
"e04,0.25,0.6:d05,0.25,0.6","f04,0.75,0.6",...
"a#4,0.25,0.7:f05,0.25,0.7","b04,0.75,0.7",...
"c#5,0.25,0.8:b05,0.25,0.8","d05,0.75,0.8",...
"e05,0.25,0.9:d06,0.25,0.9","f#5,0.75,0.9",...
"$e05,0.25,1:d06,0.25,1","f05,0.75,1",...
"*e05,0.01,1",...
"$d#5,0.25,1:c06,0.25,1","e05,0.75,1",...
"*c#5,0.25,1:b05,0.25,1","d05,0.75,1",...
];


bar3lh =["a02,0.25,0.5","c04,0.75,0.5","f#3,0.25,0.5","c04,0.75,0.5","f#3,0.25,0.5","a02,0.75,0.5",...
"b02,0.25,0.5","d#4,0.75,0.5","f#3,0.25,0.5","d#4,0.75,0.5","a03,0.25,0.5","b02,0.75,0.5",...
"e03,0.25,0.5","e04,0.75,0.5","b03,0.25,0.5","e04,0.75,0.5","g#2,0.25,0.6","b03,0.75,0.6",...
"b02,0.25,0.7","d04,0.75,0.7","d03,0.25,0.8","f04,0.75,0.8","f03,0.25,0.9","g04,0.75,0.9",...
"$c03,1,1:g#3,1,1:b03,1,1:g#4,1,1\","*e05,0.01,1","$c03,1,1:a03,1,1:c04,1,1:a04,1,1\","*f#3,1,0"];

bar4rh = ["$c#5,0.25,0.9:b05,0.25,0.9","d05,0.75,0.9",...
"b04,0.25,0.8:a05,0.25,0.8","c05,0.75,0.8",...
"g#4,0.25,0.7:d05,0.25,0.7","a04,0.75,0.7",...
"*a04,0.01,0",...
"g#4,0.25,0.6:d05,0.25,0.6","a04,0.75,0.6",...
"c#5,0.25,0.5:b05,0.25,0.5","d05,0.75,0.5",...
"b04,0.25,0.5:a05,0.25,0.5","c05,0.75,0.5",...
"$a#4,0.25,0.5:g05,0.25,0.5","b04,0.75,0.5",...
"c#5,0.25,0.5:b05,0.25,0.5","d05,0.75,0.5",...
"c#5,0.25,0.6:b05,0.25,0.6","d05,0.75,0.6",...
"*a04,0.01,0",...
"$c#5,0.25,0.7:b05,0.25,0.7","d05,0.75,0.7",...
"e05,0.25,0.9:d06,0.25,0.9","f05,0.75,0.9",...
"d#5,0.25,0.8:c06,0.25,0.8","e05,0.75,0.8",...
"*a04,0.01,0",...
"$c#5,0.25,0.7:b05,0.25,0.7","d05,0.75,0.7",...
"b04,0.25,0.6:a05,0.25,0.6","c05,0.75,0.6",...
"g#4,0.25,0.5:d05,0.25,0.5","a04,0.75,0.5",...
"*a04,0.01,0"];

bar4lh = ["$d02,1,0.9","d04,1,0.8","d03,1,0.7",...
"*a04,0.01,0",...
"f#3,1,0.6:c04,1,0.6","d04,1,0","d03,1,0",...
"$g02,1,0.5","d04,1,0.5","d03,1,0.6",...
"*a04,0.01,0",...
"$g#2,1,0.7","d04,1,0.9","d03,1,0.8",...
"*a04,0.01,0",...
"$a02,1,0.7","d04,1,0.6","d03,1,0.5:f#3,1,0.5:c04,1,0.5",...
"*a04,0.01,0"
];

bar5rh =["$g#4,0.25,0.5:d05,0.25,0.5","a04,0.75,0.5",...
"a#4,0.25,0.5:d05,0.25,0.5","b04,0.75,0.5",...
"g#4,0.25,0.5:d05,0.25,0.5","a04,0.75,0.5",...
"*a04,0.01,0",...
"$f#4,0.25,0.5:b04,0.25,0.5","g04,0.75,0.5",...
"a#4,0.25,0.5:d05,0.25,0.5","b04,0.75,0.5",...
"c#5,0.25,0.5:b05,0.25,0.5","d05,0.75,0.5",...
"*a04,0.01,0",...
"$c#5,0.25,0.5:b05,0.25,0.5","d05,0.75,0.5",...
"e05,0.25,0.5:d06,0.25,0.5","f05,0.75,0.5",...
"d#5,0.25,0.5:c06,0.25,0.5","e05,0.75,0.5",...
"*a04,0.01,0",...
"$c#5,0.25,0.5:b05,0.25,0.5","d05,0.75,0.5",...
"b04,0.25,0.5:a05,0.25,0.5","c05,0.75,0.5",...
"g#4,0.25,0.5:d05,0.25,0.5","a04,0.75,0.5",...
"*a04,0.01,0",...
"$g#4,0.25,0.5:d05,0.25,0.5","a04,0.75,0.5",...
"a#4,0.25,0.5:d05,0.25,0.5","b04,0.75,0.5",...
"g#4,0.25,0.5:d05,0.25,0.5","a04,0.75,0.5",...
"*a04,0.01,0"];

bar5lh =["$d02,1,0.5","d04,1,0.5","d03,1,0.5:f#3,1,0.5:c04,1,0.5",...
"*a04,0.01,0",...
"$g02,1,0.5","e04,0.25,0.5","d04,0.75,0.5","d03,1,0.5"...
"*a04,0.01,0",...
"$g#2,1,0.5","e04,0.25,0.5","d04,0.75,0.5","d03,1,0.5"...
"*a04,0.01,0",...
"$a02,1,0.5","e04,0.25,0.5","d04,0.75,0.5","d03,1,0.5:f#3,1,0.5:c04,1,0.5"...
"*a04,0.01,0",...
"$d02,1,0.5","e04,0.25,0.5","d04,0.75,0.5","d03,1,0.5:f#3,1,0.5:c04,1,0.5"...
"*a04,0.01,0",...
];

bar6rh =["$f#4,0.5,0.5:b04,0.5,0.5","g04,0.5,0.5",...
"a#4,0.5,0.6:d05,0.5,0.6","b04,0.5,0.6",...
"c#5,0.5,0.7:g05,0.5,0.7","d05,0.5,0.7",...
"f#5,0.5,0.8:b05,0.5,0.8","g05,0.5,0.8",...
"a#5,0.5,0.9:d06,0.5,0.9","b05,0.5,0.9",...
"c#6,0.5,1:g06,0.5,1","d06,0.5,1",...
"f#6,0.5,1:b06,0.5,1","g06,0.5,1",...
"c#6,0.5,0.9:g06,0.5,0.9","d06,0.5,0.9",...
"a#5,0.5,0.8:d06,0.5,0.8","b05,0.5,0.8",...
"*a04,0.01,0",...
"f#5,0.5,0.7:b05,0.5,0.7","g05,0.5,0.7",...
"c#5,0.5,0.6:g05,0.5,0.6","d05,0.5,0.6",...
"a#4,0.5,0.5:d05,0.5,0.5","b04,0.5,0.5",...
"d#4,0.25,0.5","e04,0.75,0.5:b04,0.75,0.5",...
"f#4,0.25,0.5","g04,0.75,0.5:e05,0.75,0.5",...
"a#4,0.25,0.5","b04,0.75,0.5:g05,0.75,0.5",...
"b04,0.25,0.5","a04,0.75,0.5:g05,0.75,0.5",...
"g#4,0.25,0.5","a04,0.75,0.5:f#5,0.75,0.5",...
"c05,0.25,0.5","b04,0.75,0.5:a05,0.75,0.5"];

bar6lh =["$g02,1,0.5","b03,1,0.6:d04,1,0.6",...
"d04,1,0.7:g04,1,0.7","g04,1,0.8:b04,1,0.8","b04,1,0.9:d05,1,0.9",...
"d05,1,1:g05,1,1","g05,1,1:b05,1,1","*a04,0.01,0","g02,1,0","g02,1,0",...
"g02,1,0","g02,1,0","g02,1,0",...
"*e02,1,0.5:b02,1,0.5:g03,1,0.5\","a04,1,0","g02,1,0.5:e03,1,0.5:b03,1,0.5\",...
"a02,1,0.5:e03,1,0.5:c04,1,0.5\","a04,1,0","c03,1,0.5:a03,1,0.5:e04,1,0.5\"];

